879
504 545
371 366
363 525
349 232
272 430
342 272
25 23
641 773
291 23
603 799
10 32
584 524
78 92
870 470
501 561
82 215
25 104
792 252
830 118
239 150
248 108
265 447
574 640
65 172
500 172
108 107
282 203
310 611
185 26
55 19
787 593
573 475
97 174
800 26
751 121
50 529
175 57
243 289
29 67
433 681
809 736
315 135
179 828
286 759
274 582
505 355
596 785
356 266
503 511
322 38
600 2
16 10
145 840
152 586
494 207
538 430
739 17
391 339
183 61
61 168
650 559
617 360
217 806
811 196
523 645
426 120
424 518
271 351
31 7
71 439
652 353
255 409
295 177
755 529
841 133
200 300
138 461
117 56
661 728
622 319
16 750
783 1
664 369
30 40
630 479
55 721
748 184
87 212
596 309
486 189
267 425
629 584
414 173
183 199
37 23
347 417
124 474
327 35
560 399
440 5
148 200
159 109
325 341
317 216
554 597
618 201
411 401
332 450
196 4
204 433
249 644
436 29
131 173
465 758
411 669
86 567
81 182
677 430
127 115
244 223
565 8
522 357
709 191
266 209
206 791
17 246
155 60
772 821
9 6
117 309
83 90
236 28
205 599
54 37
795 739
395 44
602 631
204 521
21 49
2 8
301 271
157 48
867 489
676 236
767 647
742 302
532 109
2 263
384 190
248 568
375 862
65 237
187 45
372 275
145 49
21 533
851 859
504 394
674 487
377 165
460 348
122 247
36 81
11 5
872 157
4 577
700 32
30 724
102 235
290 470
148 190
123 14
262 242
9 177
230 180
121 58
305 282
294 408
122 346
31 361
824 75
598 818
131 558
414 727
2 10
491 717
190 229
190 273
655 816
10 44
19 56
17 101
216 75
375 298
277 336
716 529
844 530
851 386
197 20
236 352
507 299
287 405
122 515
6 20
520 528
593 457
597 804
148 129
185 368
159 476
296 692
3 100
327 642
137 484
42 810
31 113
579 559
850 335
27 861
352 437
869 789
151 72
167 116
771 456
110 86
407 285
2 628
500 683
602 492
363 547
826 629
318 101
47 271
8 774
173 424
152 359
231 82
40 68
109 91
185 232
495 159
253 87
42 308
153 793
291 659
536 346
209 455
670 707
619 648
27 283
562 842
379 148
458 479
558 604
287 559
256 95
172 201
285 77
60 320
315 386
53 44
564 174
176 251
20 539
60 149
318 502
280 314
17 615
466 256
7 18
473 282
673 271
374 89
160 877
165 95
287 514
462 258
592 852
603 491
118 181
471 217
702 310
87 508
277 458
383 186
313 413
146 47
172 288
367 245
46 325
626 152
88 73
23 17
520 114
118 81
736 450
531 580
179 620
23 147
400 134
32 38
302 28
68 112
208 23
122 442
552 643
443 370
25 270
489 255
839 442
205 125
165 684
215 284
394 404
757 335
284 464
756 616
480 359
23 272
420 141
71 432
530 236
746 443
17 15
833 714
8 22
319 97
237 829
531 78
83 125
117 128
587 411
329 308
729 696
297 376
636 2
382 20
437 860
137 128
221 321
58 74
102 115
29 221
169 112
429 394
174 827
638 614
499 486
63 454
66 12
46 802
348 711
29 75
347 825
110 158
449 309
732 601
33 114
546 305
56 65
153 813
79 591
238 146
173 258
176 85
250 1
6 4
465 385
689 781
634 529
544 667
222 10
720 471
403 203
2 13
135 378
99 71
498 367
410 192
325 849
472 321
807 430
29 2
545 863
338 310
551 320
873 385
65 160
487 218
156 2
398 299
858 220
421 853
365 448
278 245
838 675
25 241
363 29
46 126
397 26
2 58
23 27
762 1
27 211
549 706
875 648
585 609
316 194
876 417
77 40
142 2
224 366
85 477
61 57
212 323
358 249
135 34
512 118
85 153
558 695
144 252
488 589
82 192
136 616
635 854
129 228
435 32
407 524
509 576
306 562
106 11
176 847
574 300
619 747
39 261
133 722
569 454
72 280
30 213
790 511
786 452
164 96
178 99
257 387
779 505
8 89
81 210
218 214
794 89
535 191
803 634
661 392
36 80
662 145
41 47
554 278
483 738
23 34
143 68
79 394
58 360
768 837
723 294
112 691
289 594
718 560
194 419
144 45
355 789
120 93
185 257
204 766
32 39
166 451
502 544
139 575
688 511
10 293
20 87
67 233
62 704
57 350
84 52
686 183
693 590
287 99
36 656
181 243
198 675
286 13
43 333
226 452
152 11
733 643
483 376
856 433
548 199
446 801
304 509
598 295
822 250
438 295
21 20
612 133
365 236
133 281
132 125
59 53
70 385
10 46
585 572
290 74
119 116
9 217
753 411
594 705
475 10
63 12
269 422
421 161
553 356
80 193
36 324
665 325
13 36
183 431
52 296
807 864
620 866
64 19
43 10
712 49
503 228
297 123
200 245
108 623
23 434
130 86
393 469
488 162
396 62
80 526
12 45
211 763
387 780
24 7
111 105
80 817
191 225
772 411
326 699
308 601
120 557
198 303
3 191
98 39
407 416
641 512
345 78
745 527
819 779
266 765
221 453
444 28
299 201
206 76
85 21
224 104
10 655
831 672
714 204
401 99
140 38
195 298
519 505
418 393
412 55
651 243
18 129
18 150
719 139
625 3
570 73
139 43
84 269
627 135
563 375
209 713
207 116
463 730
105 311
481 81
685 114
835 231
658 333
166 130
316 490
369 30
7 5
394 666
299 510
265 187
1 339
23 33
815 585
245 307
181 542
64 202
76 268
581 250
129 543
330 133
236 782
124 63
245 670
371 663
624 788
328 26
340 130
52 10
393 316
275 46
527 549
210 679
26 18
57 16
513 361
62 5
122 30
502 635
434 610
245 274
77 103
406 213
25 446
96 344
292 135
234 177
334 583
274 331
55 94
277 202
6 86
581 879
14 3
537 233
98 805
98 775
243 304
34 255
578 526
17 848
445 378
264 17
543 836
668 186
237 357
742 843
67 198
74 95
2 3
65 186
820 700
102 35
16 83
22 381
440 784
79 10
441 101
60 11
254 226
703 517
715 444
467 114
136 49
99 220
208 362
12 8
153 162
698 604
70 64
161 70
550 92
418 752
12 15
370 179
347 7
286 427
72 50
76 501
778 613
764 588
16 660
219 96
195 120
4 5
198 834
103 845
566 493
20 42
28 22
546 653
57 180
202 276
85 133
657 469
69 2
40 96
355 606
108 294
832 498
672 665
855 337
165 680
1 4
374 496
97 74
770 510
464 482
279 423
354 77
501 682
41 5
110 769
555 343
582 613
761 546
223 72
696 587
230 468
490 808
534 164
173 240
734 559
878 41
542 823
812 556
8 389
690 680
10 19
133 523
312 160
88 506
334 106
134 11
407 814
777 255
133 737
457 388
122 343
257 306
485 240
23 71
247 267
203 53
163 157
348 275
67 116
624 538
27 48
390 349
305 313
133 214
76 478
361 725
69 279
158 189
41 337
576 740
332 284
459 182
609 846
50 647
516 335
708 47
25 107
78 56
160 608
605 254
168 744
704 731
179 25
639 358
572 141
353 689
42 226
70 194
