4306.4958586
4443.5547686
4530.5867986
4633.5959886
4746.6800486
4902.7811586
5015.8652186
5114.9336286
5228.9765586
5358.0191486
5472.0620786
5635.1254086
5748.2094686
5934.2887786
6047.3728386
6134.4048686
6247.4889286
6375.5475086
6522.6159186
6637.6428586
6738.6905386
6866.7491186
6995.7917086
7110.8186486
7167.8401086
7314.9085186
7427.9925786
7531.0017686
7668.0606786
7815.1290886
7930.1560286
8045.1829686
8159.2258986
8272.3099586
8401.3525486
8498.4053086
8629.4457986
8730.4934786
8858.5520586
8986.6106386
9085.6790486
9184.7474586
9312.8060386
9425.8900986
9538.9741586
9725.0534686
9872.1218786
9969.1746386
10072.1838286
10200.2424086
10363.3057386
10464.3534186
10565.4010986
10664.4695086
10761.5222686
10947.6015786
11094.6699886
11209.6969286
11337.7555086
11466.7980986
11580.8410286
11693.9250886
11880.0043986
11994.0473286
12095.0950086
12258.1583386
12359.2060186
12446.2380486
12503.2595086
12617.3024386
12704.3344686
12851.4028786
12964.4869386
13120.5880486
13207.6200786
13322.6470186
13425.6562086
13482.6776686
13668.7569786
13771.7661686
13885.8090986
